101 958323 75 86 92
103 209587 53 42
102 432595 71 56 68
104 209587 58 86
201 109349 42 52
203 432595 19 48 59
205 958323 98 68 79
101 230863 55 83 72
103 309887 39 48
102 881291 58 56 82
104 209584 81 59
201 230863 22 82
203 305987 25 55 70
205 204986 28 38 19
103 958323 33 82
102 209587 59 66 88
104 958323 82 96
201 432595 29 85
203 209587 32 82 78
205 432595 96 85 90
101 309887 63 73 92
103 230863 69 85
102 209584 67 79 99
104 881291 82 82
201 309887 12 42
203 204986 36 46 66


